                                                                                                                                                                                                                                                                    
    234         567         567                                                                                                                                                                                                                                     
     234       567          567                                                                                                                                                                                                                                     
      234     567           567                                                                                                                                                                                                                                     
       234   567            567                                                                                                                                                                                                                                     
        234 567      234    567                                                                                                                                                                                                                                     
         56667       5666666667                                                                                                                                                                                                                                     
                                                                                                                                                                                                                                                                    
                                                                                                                                                                                                                                                                    
                                                                                                                                                                                                                                                                    
                                                                                                                                                                                                                                                                    
                                                                                                                                                                                                                                                             b      
                                                                                                                                                                                                                                                                    
                                                                                                                                                                                                                                                                    
                                                                                                                                                                                                                                                                    
                                                                                                                                                                                                                                                                    
                                                                                                                                                                                                                                                                    
                                                                                                                                                                                                                                                                    
                                                                                                                                                                                                                                                                    
                                                                                                                                                                                                                                                                    
                                                                                                                                                                                                                                                                    
                                                                                                                                                                                                                                                                    
11111111111111111111111111111111111111111111111111111111111111111111111111111111111111111111111111111111111111111111111111111111111111111111111111111111111111111111111111111111111111111111111111111111111111111111111111111111111111111111111111111111111111111111
99999999999999999999999999999999999999999999999999999999999999999999999999999999999999999999999999999999999999999999999999999999999999999999999999999999999999999999999999999999999999999999999999999999999999999999999999999999999999999999999999999999999999999999