                                                                                          
   233333333334                                                                           
   566666666667                                                                           
                                                                                          
                    233333333334                              233333333334                
                    566666666667                              566666666667                
                                                8                                         
                                                                                          
                                                                                          
                                  233333333334                                            
                                  566666666667                                            
                                                                                          
                                                             233333333334                 
                                                             566666666667                 
        233333333334                                                                      
        566666666667                                                                      
                                                                                          
                                                                                          
                                                 233333333334                             
                                                 566666666667                             
                                                                                          
                                                                                          
                                                                                          
111111111111111111111111111111111111111111111111111111111111111111111111111111111111111112