                                                                                 zzz      234                234                                                                                                                                                    
                                                                                 vzz      567                567                                                                                                                                                    
                                                                                          234                234          zzz         234         zzz                   zzz                                                                                         
                    234                                     zzz                           567                567          hzz         567         hzz                   hzz                                                                                         
                    567                                     czz                  234      234       234                                                    24                                                   24                                                  
                                zzz                                              567      567       567                         2333333333334              57                    2333333333334                  57                                                  
                                vzz                                              234                234                         5666666666667                                    5666666666667                                                                      
                                                                                 567                567                                                                                                                                   234                       
                                                   2333333333334                 234                233333334                                            zzz                                                                              567                       
                                                   5666666666667                 567      234       566666667                        234                 czz                                   2333333333334                                                        
                                                          zzz                    234      567       234                              567                                                       5666666666667                                                        
                                                          hzz                    567      234       567                                                           2333333333334      zzz                                                                  b         
                                                                                 234      567 zzz   234                                                           5666666666667      vzz                                                                            
                         2333333333334                                           567          hzz   567      zzz           2333333334                                                                                                                               
                         5666666666667                                           234      234       234      czz           5666666667                                                                         233334                                                
                                                          24                     567      567       567                                                                                                       566667                                                
                                                          57      zzz            234      234       234                                                2333334                                                                                                      
            234                                                   czz            567      567       567        233333334                               5666667                                                                                                      
            567                                                                           234  234  234        566666667                  zzz                               zzz          2333333333334                                                              
                                     zzz                                                  567  567  567                                   vzz                               hzz          5666666666667       zzz                                                    
                                     czz                                         zzz      234       234                                                                                                      vzz                            24                      
                                                                                 vzz      567       567                                                                                                                                     57                      
11111111111111111111111111111111111111111111111111111111111111111111111111111111111111111111111111111111111111111111111111111111111111111111111111111111111111111111111111111111111111111111111111111111111111111111111111111111111111111111111111111111111111111111
99999999999999999999999999999999999999999999999999999999999999999999999999999999999999999999999999999999999999999999999999999999999999999999999999999999999999999999999999999999999999999999999999999999999999999999999999999999999999999999999999999999999999999999